barras =[
   1 2 0.955  10.67     51.0     27.0      0.0     0.0     0.0
   2 0 0.971  11.22     20.0      9.0      0.0     0.0     0.0
   3 0 0.968  11.56     39.0     10.0      0.0     0.0     0.0
   4 2 0.998  15.28     30.0     12.0     -9.0     0.0     0.0
   5 0 1.002  15.73      0.0      0.0      0.0     0.0    -0.40
   6 2 0.990  13.00     52.0     22.0      0.0     0.0     0.0
   7 0 0.989  12.56     19.0      2.0      0.0     0.0     0.0
   8 2 1.015  20.77      0.0      0.0    -28.0     0.0     0.0
   9 0 1.043  28.02      0.0      0.0      0.0     0.0     0.0
  10 2 1.050  35.61      0.0      0.0    450.0     0.0     0.0
  11 0 0.985  12.72     70.0     23.0      0.0     0.0     0.0
  12 2 0.990  12.20     47.0     10.0     85.0     0.0     0.0
  13 0 0.968  11.35     34.0     16.0      0.0     0.0     0.0
  14 0 0.984  11.50     14.0      1.0      0.0     0.0     0.0
  15 2 0.970  11.23     90.0     30.0      0.0     0.0     0.0
  16 0 0.984  11.91     25.0     10.0      0.0     0.0     0.0
  17 0 0.995  13.74     11.0      3.0      0.0     0.0     0.0
  18 2 0.973  11.53     60.0     34.0      0.0     0.0     0.0
  19 2 0.963  11.05     45.0     25.0      0.0     0.0     0.0
  20 0 0.958  11.93     18.0      3.0      0.0     0.0     0.0
  21 0 0.959  13.52     14.0      8.0      0.0     0.0     0.0
  22 0 0.970  16.08     10.0      5.0      0.0     0.0     0.0
  23 0 1.000  21.00      7.0      3.0      0.0     0.0     0.0
  24 2 0.992  20.89      0.0      0.0    -13.0     0.0     0.0
  25 2 1.050  27.93      0.0      0.0    220.0     0.0     0.0
  26 2 1.015  29.71      0.0      0.0    314.0     0.0     0.0
  27 2 0.968  15.35     62.0     13.0     -9.0     0.0     0.0
  28 0 0.962  13.62     17.0      7.0      0.0     0.0     0.0
  29 0 0.963  12.63     24.0      4.0      0.0     0.0     0.0
  30 0 0.968  18.79      0.0      0.0      0.0     0.0     0.0
  31 2 0.967  12.75     43.0     27.0      7.0     0.0     0.0
  32 2 0.964  14.80     59.0     23.0      0.0     0.0     0.0
  33 0 0.972  10.63     23.0      9.0      0.0     0.0     0.0
  34 2 0.986  11.30     59.0     26.0      0.0     0.0     0.14
  35 0 0.981  10.87     33.0      9.0      0.0     0.0     0.0
  36 2 0.980  10.87     31.0     17.0      0.0     0.0     0.0
  37 0 0.992  11.77      0.0      0.0      0.0     0.0    -0.25
  38 0 0.962  16.91      0.0      0.0      0.0     0.0     0.0
  39 0 0.970   8.41     27.0     11.0      0.0     0.0     0.0
  40 2 0.970   7.35     20.0     23.0    -46.0     0.0     0.0
  41 0 0.967   6.92     37.0     10.0      0.0     0.0     0.0
  42 2 0.985   8.53     37.0     23.0    -59.0     0.0     0.0
  43 0 0.978  11.28     18.0      7.0      0.0     0.0     0.0
  44 0 0.985  13.82     16.0      8.0      0.0     0.0     0.10
  45 0 0.987  15.67     53.0     22.0      0.0     0.0     0.10
  46 2 1.005  18.49     28.0     10.0     19.0     0.0     0.10
  47 0 1.017  20.73     34.0      0.0      0.0     0.0     0.0
  48 0 1.021  19.93     20.0     11.0      0.0     0.0     0.15
  49 2 1.025  20.94     87.0     30.0    204.0     0.0     0.0
  50 0 1.001  18.90     17.0      4.0      0.0     0.0     0.0
  51 0 0.967  16.28     17.0      8.0      0.0     0.0     0.0
  52 0 0.957  15.32     18.0      5.0      0.0     0.0     0.0
  53 0 0.946  14.35     23.0     11.0      0.0     0.0     0.0
  54 2 0.955  15.26    113.0     32.0     48.0     0.0     0.0
  55 2 0.952  14.97     63.0     22.0      0.0     0.0     0.0
  56 2 0.954  15.16     84.0     18.0      0.0     0.0     0.0
  57 0 0.971  16.36     12.0      3.0      0.0     0.0     0.0
  58 0 0.959  15.51     12.0      3.0      0.0     0.0     0.0
  59 2 0.985  19.37    277.0    113.0    155.0     0.0     0.0
  60 0 0.993  23.15     78.0      3.0      0.0     0.0     0.0
  61 2 0.995  24.04      0.0      0.0    160.0     0.0     0.0
  62 2 0.998  23.43     77.0     14.0      0.0     0.0     0.0
  63 0 0.969  22.75      0.0      0.0      0.0     0.0     0.0
  64 0 0.984  24.52      0.0      0.0      0.0     0.0     0.0
  65 2 1.005  27.65      0.0      0.0    391.0     0.0     0.0
  66 2 1.050  27.48     39.0     18.0    392.0     0.0     0.0
  67 0 1.020  24.84     28.0      7.0      0.0     0.0     0.0
  68 0 1.003  27.55      0.0      0.0      0.0     0.0     0.0
  69 3 1.035  30.00      0.0      0.0    516.4     0.0     0.0
  70 2 0.984  22.58     66.0     20.0      0.0     0.0     0.0
  71 0 0.987  22.15      0.0      0.0      0.0     0.0     0.0
  72 2 0.980  20.98      0.0      0.0    -12.0     0.0     0.0
  73 2 0.991  21.94      0.0      0.0     -6.0     0.0     0.0
  74 2 0.958  21.64     68.0     27.0      0.0     0.0     0.12
  75 0 0.967  22.91     47.0     11.0      0.0     0.0     0.0
  76 2 0.943  21.77     68.0     36.0      0.0     0.0     0.0
  77 2 1.006  26.72     61.0     28.0      0.0     0.0     0.0
  78 0 1.003  26.42     71.0     26.0      0.0     0.0     0.0
  79 0 1.009  26.72     39.0     32.0      0.0     0.0     0.20
  80 2 1.040  28.96    130.0     26.0    477.0     0.0     0.0
  81 0 0.997  28.10      0.0      0.0      0.0     0.0     0.0
  82 0 0.989  27.24     54.0     27.0      0.0     0.0     0.20
  83 0 0.985  28.42     20.0     10.0      0.0     0.0     0.10
  84 0 0.980  30.95     11.0      7.0      0.0     0.0     0.0
  85 2 0.985  32.51     24.0     15.0      0.0     0.0     0.0
  86 0 0.987  31.14     21.0     10.0      0.0     0.0     0.0
  87 2 1.015  31.40      0.0      0.0      4.0     0.0     0.0
  88 0 0.987  35.64     48.0     10.0      0.0     0.0     0.0
  89 2 1.005  39.69      0.0      0.0    607.0     0.0     0.0
  90 2 0.985  33.29     78.0     42.0    -85.0     0.0     0.0
  91 2 0.980  33.31      0.0      0.0    -10.0     0.0     0.0
  92 2 0.993  33.80     65.0     10.0      0.0     0.0     0.0
  93 0 0.987  30.79     12.0      7.0      0.0     0.0     0.0
  94 0 0.991  28.64     30.0     16.0      0.0     0.0     0.0
  95 0 0.981  27.67     42.0     31.0      0.0     0.0     0.0
  96 0 0.993  27.51     38.0     15.0      0.0     0.0     0.0
  97 0 1.011  27.88     15.0      9.0      0.0     0.0     0.0
  98 0 1.024  27.40     34.0      8.0      0.0     0.0     0.0
  99 2 1.010  27.04      0.0      0.0    -42.0     0.0     0.0
 100 2 1.017  28.03     37.0     18.0    252.0     0.0     0.0
 101 0 0.993  29.61     22.0     15.0      0.0     0.0     0.0
 102 0 0.991  32.30      5.0      3.0      0.0     0.0     0.0
 103 2 1.001  24.44     23.0     16.0     40.0     0.0     0.0
 104 2 0.971  21.69     38.0     25.0      0.0     0.0     0.0
 105 2 0.965  20.57     31.0     26.0      0.0     0.0     0.20
 106 0 0.962  20.32     43.0     16.0      0.0     0.0     0.0
 107 2 0.952  17.53     28.0     12.0    -22.0     0.0     0.06
 108 0 0.967  19.38      2.0      1.0      0.0     0.0     0.0
 109 0 0.967  18.93      8.0      3.0      0.0     0.0     0.0
 110 2 0.973  18.09     39.0     30.0      0.0     0.0     0.06
 111 2 0.980  19.74      0.0      0.0     36.0     0.0     0.0
 112 2 0.975  14.99     25.0     13.0    -43.0     0.0     0.0
 113 2 0.993  13.74      0.0      0.0     -6.0     0.0     0.0
 114 0 0.960  14.46      8.0      3.0      0.0     0.0     0.0
 115 0 0.960  14.46     22.0      7.0      0.0     0.0     0.0
 116 2 1.005  27.12      0.0      0.0   -184.0     0.0     0.0
 117 0 0.974  10.67     20.0      8.0      0.0     0.0     0.0
 118 0 0.949  21.92     33.0     15.0      0.0     0.0     0.0];
 
 ramos=[
   1    2  0.03030   0.09990    0.02540  1.000  0.00
   1    3  0.01290   0.04240    0.01082  1.000  0.00
   4    5  0.00176   0.00798    0.00210  1.000  0.00
   3    5  0.02410   0.10800    0.02840  1.000  0.00
   5    6  0.01190   0.05400    0.01426  1.000  0.00
   6    7  0.00459   0.02080    0.00550  1.000  0.00
   8    9  0.00244   0.03050    1.16200  1.000  0.00
   8    5  0.00000   0.02670    0.00000  0.985  0.00
   9   10  0.00258   0.03220    1.23000  1.000  0.00
   4   11  0.02090   0.06880    0.01748  1.000  0.00
   5   11  0.02030   0.06820    0.01738  1.000  0.00
  11   12  0.00595   0.01960    0.00502  1.000  0.00
   2   12  0.01870   0.06160    0.01572  1.000  0.00
   3   12  0.04840   0.16000    0.04060  1.000  0.00
   7   12  0.00862   0.03400    0.00874  1.000  0.00
  11   13  0.02225   0.07310    0.01876  1.000  0.00
  12   14  0.02150   0.07070    0.01816  1.000  0.00
  13   15  0.07440   0.24440    0.06268  1.000  0.00
  14   15  0.05950   0.19500    0.05020  1.000  0.00
  12   16  0.02120   0.08340    0.02140  1.000  0.00
  15   17  0.01320   0.04370    0.04440  1.000  0.00
  16   17  0.04540   0.18010    0.04660  1.000  0.00
  17   18  0.01230   0.05050    0.01298  1.000  0.00
  18   19  0.01119   0.04930    0.01142  1.000  0.00
  19   20  0.02520   0.11700    0.02980  1.000  0.00
  15   19  0.01200   0.03940    0.01010  1.000  0.00
  20   21  0.01830   0.08490    0.02160  1.000  0.00
  21   22  0.02090   0.09700    0.02460  1.000  0.00
  22   23  0.03420   0.15900    0.04040  1.000  0.00
  23   24  0.01350   0.04920    0.04980  1.000  0.00
  23   25  0.01560   0.08000    0.08640  1.000  0.00
  26   25  0.00000   0.03820    0.00000  0.960  0.00
  25   27  0.03180   0.16300    0.17640  1.000  0.00
  27   28  0.01913   0.08550    0.02160  1.000  0.00
  28   29  0.02370   0.09430    0.02380  1.000  0.00
  30   17  0.00000   0.03880    0.00000  0.960  0.00
   8   30  0.00431   0.05040    0.51400  1.000  0.00
  26   30  0.00799   0.08600    0.90800  1.000  0.00
  17   31  0.04740   0.15630    0.03990  1.000  0.00
  29   31  0.01080   0.03310    0.00830  1.000  0.00
  23   32  0.03170   0.11530    0.11730  1.000  0.00
  31   32  0.02980   0.09850    0.02510  1.000  0.00
  27   32  0.02290   0.07550    0.01926  1.000  0.00
  15   33  0.03800   0.12440    0.03194  1.000  0.00
  19   34  0.07520   0.24700    0.06320  1.000  0.00
  35   36  0.00224   0.01020    0.00268  1.000  0.00
  35   37  0.01100   0.04970    0.01318  1.000  0.00
  33   37  0.04150   0.14200    0.03660  1.000  0.00
  34   36  0.00871   0.02680    0.00568  1.000  0.00
  34   37  0.00256   0.00940    0.00984  1.000  0.00
  38   37  0.00000   0.03750    0.00000  0.935  0.00
  37   39  0.03210   0.10600    0.02700  1.000  0.00
  37   40  0.05930   0.16800    0.04200  1.000  0.00
  30   38  0.00464   0.05400    0.42200  1.000  0.00
  39   40  0.01840   0.06050    0.01552  1.000  0.00
  40   41  0.01450   0.04870    0.01222  1.000  0.00
  40   42  0.05550   0.18300    0.04660  1.000  0.00
  41   42  0.04100   0.13500    0.03440  1.000  0.00
  43   44  0.06080   0.24540    0.06068  1.000  0.00
  34   43  0.04130   0.16810    0.04226  1.000  0.00
  44   45  0.02240   0.09010    0.02240  1.000  0.00
  45   46  0.04000   0.13560    0.03320  1.000  0.00
  46   47  0.03800   0.12700    0.03160  1.000  0.00
  46   48  0.06010   0.18900    0.04720  1.000  0.00
  47   49  0.01910   0.06250    0.01604  1.000  0.00
  42   49  0.07150   0.32300    0.08600  1.000  0.00
  42   49  0.07150   0.32300    0.08600  1.000  0.00
  45   49  0.06840   0.18600    0.04440  1.000  0.00
  48   49  0.01790   0.05050    0.01258  1.000  0.00
  49   50  0.02670   0.07520    0.01874  1.000  0.00
  49   51  0.04860   0.13700    0.03420  1.000  0.00
  51   52  0.02030   0.05880    0.01396  1.000  0.00
  52   53  0.04050   0.16350    0.04058  1.000  0.00
  53   54  0.02630   0.12200    0.03100  1.000  0.00
  49   54  0.07300   0.28900    0.07380  1.000  0.00
  49   54  0.08690   0.29100    0.07300  1.000  0.00
  54   55  0.01690   0.07070    0.02020  1.000  0.00
  54   56  0.00275   0.00955    0.00732  1.000  0.00
  55   56  0.00488   0.01510    0.00374  1.000  0.00
  56   57  0.03430   0.09660    0.02420  1.000  0.00
  50   57  0.04740   0.13400    0.03320  1.000  0.00
  56   58  0.03430   0.09660    0.02420  1.000  0.00
  51   58  0.02550   0.07190    0.01788  1.000  0.00
  54   59  0.05030   0.22930    0.05980  1.000  0.00
  56   59  0.08250   0.25100    0.05690  1.000  0.00
  56   59  0.08030   0.23900    0.05360  1.000  0.00
  55   59  0.04739   0.21580    0.05646  1.000  0.00
  59   60  0.03170   0.14500    0.03760  1.000  0.00
  59   61  0.03280   0.15000    0.03880  1.000  0.00
  60   61  0.00264   0.01350    0.01456  1.000  0.00
  60   62  0.01230   0.05610    0.01468  1.000  0.00
  61   62  0.00824   0.03760    0.00980  1.000  0.00
  63   59  0.00000   0.03860    0.00000  0.960  0.00
  63   64  0.00172   0.02000    0.21600  1.000  0.00
  64   61  0.00000   0.02680    0.00000  0.985  0.00
  38   65  0.00901   0.09860    1.04600  1.000  0.00
  64   65  0.00269   0.03020    0.38000  1.000  0.00
  49   66  0.01800   0.09190    0.02480  1.000  0.00
  49   66  0.01800   0.09190    0.02480  1.000  0.00
  62   66  0.04820   0.21800    0.05780  1.000  0.00
  62   67  0.02580   0.11700    0.03100  1.000  0.00
  65   66  0.00000   0.03700    0.00000  0.935  0.00
  66   67  0.02240   0.10150    0.02682  1.000  0.00
  65   68  0.00138   0.01600    0.63800  1.000  0.00
  47   69  0.08440   0.27780    0.07092  1.000  0.00
  49   69  0.09850   0.32400    0.08280  1.000  0.00
  68   69  0.00000   0.03700    0.00000  0.935  0.00
  69   70  0.03000   0.12700    0.12200  1.000  0.00
  24   70  0.00221   0.41150    0.10198  1.000  0.00
  70   71  0.00882   0.03550    0.00878  1.000  0.00
  24   72  0.04880   0.19600    0.04880  1.000  0.00
  71   72  0.04460   0.18000    0.04444  1.000  0.00
  71   73  0.00866   0.04540    0.01178  1.000  0.00
  70   74  0.04010   0.13230    0.03368  1.000  0.00
  70   75  0.04280   0.14100    0.03600  1.000  0.00
  69   75  0.04050   0.12200    0.12400  1.000  0.00
  74   75  0.01230   0.04060    0.01034  1.000  0.00
  76   77  0.04440   0.14800    0.03680  1.000  0.00
  69   77  0.03090   0.10100    0.10380  1.000  0.00
  75   77  0.06010   0.19990    0.04978  1.000  0.00
  77   78  0.00376   0.01240    0.01264  1.000  0.00
  78   79  0.00546   0.02440    0.00648  1.000  0.00
  77   80  0.01700   0.04850    0.04720  1.000  0.00
  77   80  0.02940   0.10500    0.02280  1.000  0.00
  79   80  0.01560   0.07040    0.01870  1.000  0.00
  68   81  0.00175   0.02020    0.80800  1.000  0.00
  81   80  0.00000   0.03700    0.00000  0.935  0.00
  77   82  0.02980   0.08530    0.08174  1.000  0.00
  82   83  0.01120   0.03665    0.03796  1.000  0.00
  83   84  0.06250   0.13200    0.02580  1.000  0.00
  83   85  0.04300   0.14800    0.03480  1.000  0.00
  84   85  0.03020   0.06410    0.01234  1.000  0.00
  85   86  0.03500   0.12300    0.02760  1.000  0.00
  86   87  0.02828   0.20740    0.04450  1.000  0.00
  85   88  0.02000   0.10200    0.02760  1.000  0.00
  85   89  0.02390   0.17300    0.04700  1.000  0.00
  88   89  0.01390   0.07120    0.01934  1.000  0.00
  89   90  0.05180   0.18800    0.05280  1.000  0.00
  89   90  0.02380   0.09970    0.10600  1.000  0.00
  90   91  0.02540   0.08360    0.02140  1.000  0.00
  89   92  0.00990   0.05050    0.05480  1.000  0.00
  89   92  0.03930   0.15810    0.04140  1.000  0.00
  91   92  0.03870   0.12720    0.03268  1.000  0.00
  92   93  0.02580   0.08480    0.02180  1.000  0.00
  92   94  0.04810   0.15800    0.04060  1.000  0.00
  93   94  0.02230   0.07320    0.01876  1.000  0.00
  94   95  0.01320   0.04340    0.01110  1.000  0.00
  80   96  0.03560   0.18200    0.04940  1.000  0.00
  82   96  0.01620   0.05300    0.05440  1.000  0.00
  94   96  0.02690   0.08690    0.02300  1.000  0.00
  80   97  0.01830   0.09340    0.02540  1.000  0.00
  80   98  0.02380   0.10800    0.02860  1.000  0.00
  80   99  0.04540   0.20600    0.05460  1.000  0.00
  92  100  0.06480   0.29500    0.04720  1.000  0.00
  94  100  0.01780   0.05800    0.06040  1.000  0.00
  95   96  0.01710   0.05470    0.01474  1.000  0.00
  96   97  0.01730   0.08850    0.02400  1.000  0.00
  98  100  0.03970   0.17900    0.04760  1.000  0.00
  99  100  0.01800   0.08130    0.02160  1.000  0.00
 100  101  0.02770   0.12620    0.03280  1.000  0.00
  92  102  0.01230   0.05590    0.01464  1.000  0.00
 101  102  0.02460   0.11200    0.02940  1.000  0.00
 100  103  0.01600   0.05250    0.05360  1.000  0.00
 100  104  0.04510   0.20400    0.05410  1.000  0.00
 103  104  0.04660   0.15840    0.04070  1.000  0.00
 103  105  0.05350   0.16250    0.04080  1.000  0.00
 100  106  0.06050   0.22900    0.06200  1.000  0.00
 104  105  0.00994   0.03780    0.00986  1.000  0.00
 105  106  0.01400   0.05470    0.01434  1.000  0.00
 105  107  0.05300   0.18300    0.04720  1.000  0.00
 105  108  0.02610   0.07030    0.01844  1.000  0.00
 106  107  0.05300   0.18300    0.04720  1.000  0.00
 108  109  0.01050   0.02880    0.00760  1.000  0.00
 103  110  0.03906   0.18130    0.04610  1.000  0.00
 109  110  0.02780   0.07620    0.02020  1.000  0.00
 110  111  0.02200   0.07550    0.02000  1.000  0.00
 110  112  0.02470   0.06400    0.06200  1.000  0.00
  17  113  0.00913   0.03010    0.00768  1.000  0.00
  32  113  0.06150   0.20300    0.05180  1.000  0.00
  32  114  0.01350   0.06120    0.01628  1.000  0.00
  27  115  0.01640   0.07410    0.01972  1.000  0.00
 114  115  0.00230   0.01040    0.00276  1.000  0.00
  68  116  0.00034   0.00405    0.16400  1.000  0.00
  12  117  0.03290   0.14000    0.03580  1.000  0.00
  75  118  0.01450   0.04810    0.01198  1.000  0.00
  76  118  0.01640   0.05440    0.01356  1.000  0.00];
